000000000010000000111000100110001110111000100110001110
010000000111000100001000000001000000111111111000001111
111000100110001110111000100110001110111000100110001110
110001110000001100000001100001000000001000000001000000
000001100001000000001000000001000000010100011110001111
001000000001000000000001100001000000001000000001000000
110000000000001100111000100110001110111000100110001110
000001100000001100111000100110001110111000100110001110
000000000010000000111000100110001110111000100110001110
010000000111000100001000000001000000111111111000001111
111000100110001110111000100110001110111000100110001110
110001110000001100000001100001000000001000000001000000
000001100001000000001000000001000000010100011110001111
001000000001000000000001100001000000001000000001000000
110000000000001100111000100110001110111000100110001110
000001100000001100111000100110001110111000100110001110
000000000010000000111000100110001110111000100110001110
010000000111000100001000000001000000111111111000001111
111000100110001110111000100110001110111000100110001110
110001110000001100000001100001000000001000000001000000
000001100001000000001000000001000000010100011110001111
001000000001000000000001100001000000001000000001000000
110000000000001100111000100110001110111000100110001110
000001100000001100111000100110001110111000100110001110
000000000010000000111000100110001110111000100110001110
010000000111000100001000000001000000111111111000001111
111000100110001110111000100110001110111000100110001110
110001110000001100000001100001000000001000000001000000
000001100001000000001000000001000000010100011110001111
001000000001000000000001100001000000001000000001000000
110000000000001100111000100110001110111000100110001110
000001100000001100111000100110001110111000100110001110
000000000010000000111000100110001110111000100110001110
010000000111000100001000000001000000111111111000001111
111000100110001110111000100110001110111000100110001110
110001110000001100000001100001000000001000000001000000
000001100001000000001000000001000000010100011110001111
001000000001000000000001100001000000001000000001000000
110000000000001100111000100110001110111000100110001110
000001100000001100111000100110001110111000100110001110